#! FIELDS time dD opes.bias opes.rct opes.zed opes.neff opes.nker
 0.000000 -0.055259 -50.000000 -50.000000 1.000000 1.000000 0.000000
 5.000000 -0.049605 -28.525508 -3.914564 0.013977 1.267884 99.000000
 10.000000 0.092224 -18.482639 -4.322302 0.006989 1.267884 198.000000
 15.000000 0.027431 0.034360 -2.434995 0.012879 4.648477 291.000000
 20.000000 0.018284 -16.947914 -1.117142 0.014158 7.405048 386.000000
 25.000000 0.020843 -24.179228 -1.242727 0.011333 7.556097 482.000000
 30.000000 0.098444 -31.966200 -1.350553 0.009467 7.556097 577.000000
 35.000000 0.064912 -20.110422 -1.441744 0.008128 7.556097 672.000000
 40.000000 0.044901 -15.624823 -1.520753 0.007235 7.556097 755.000000
 45.000000 0.050898 -16.416781 -1.590456 0.006511 7.556097 839.000000
 50.000000 0.007949 -13.463150 -1.652815 0.005892 7.556097 927.000000
 55.000000 -0.070627 -9.478446 -1.709227 0.005398 7.556199 1012.000000
 60.000000 -0.042288 -6.755352 -1.760467 0.004990 7.562916 1095.000000
 65.000000 0.048985 -16.648386 -1.805485 0.004649 7.622487 1179.000000
 70.000000 0.019821 -5.393692 -1.849356 0.004326 7.622578 1267.000000
 75.000000 -0.034879 -1.032313 -1.883645 0.004117 7.789505 1346.000000
 80.000000 0.038662 -13.297532 -1.596711 0.006721 16.194807 1426.000000
 85.000000 0.066955 -11.498355 -1.632608 0.006343 16.194810 1511.000000
 90.000000 0.044162 -18.205820 -1.666454 0.005998 16.194850 1598.000000
 95.000000 0.037707 -21.124192 -1.697874 0.005711 16.227069 1678.000000
 100.000000 0.071536 -8.134502 -1.726720 0.005447 16.309662 1761.000000
 105.000000 0.081963 -39.908622 -1.755613 0.005163 16.309663 1858.000000
 110.000000 -0.057338 -40.758694 -1.783162 0.004907 16.309663 1955.000000
 115.000000 0.040877 -14.376971 -1.799073 0.004682 16.804858 2050.000000
 120.000000 -0.007623 -15.195687 -1.824278 0.004485 16.804870 2140.000000
 125.000000 0.055797 -26.328176 -1.848453 0.004300 16.805000 2232.000000
 130.000000 0.080724 -7.409703 -1.871659 0.004137 16.806221 2320.000000
 135.000000 0.077304 -18.475243 -1.893985 0.003976 16.807689 2414.000000
 140.000000 0.084406 -13.605784 -1.915525 0.003835 16.807689 2503.000000
 145.000000 0.078581 -12.431337 -1.936252 0.003693 16.810898 2599.000000
 150.000000 0.051205 -9.596523 -1.949592 0.003604 17.189107 2682.000000
 155.000000 0.024844 -19.459368 -1.831140 0.003912 17.745430 2761.000000
 160.000000 -0.096210 -37.834038 -1.849934 0.003781 17.746081 2857.000000
 165.000000 0.037082 -25.594749 -1.868160 0.003663 17.746081 2949.000000
 170.000000 -0.032408 -31.915744 -1.885842 0.003554 17.746081 3039.000000
 175.000000 0.043663 -9.497646 -1.903012 0.003448 17.746082 3133.000000
 180.000000 0.027332 -16.784950 -1.919698 0.003349 17.746084 3225.000000
 185.000000 0.085218 -12.148194 -1.921176 0.003251 18.440618 3316.000000
 190.000000 0.061647 -6.355072 -1.936968 0.003170 18.440839 3400.000000
 195.000000 -0.059154 -14.390555 -1.939709 0.003064 19.078434 3488.000000
 200.000000 0.082343 -7.736538 -1.954699 0.002986 19.078887 3580.000000
 205.000000 0.059461 -19.318991 -1.969149 0.002910 19.090171 3673.000000
 210.000000 0.090607 -9.071946 -1.982748 0.002838 19.133077 3769.000000
 215.000000 0.067072 -5.971924 -1.993816 0.002780 19.316561 3853.000000
 220.000000 0.007036 -2.686707 -1.789623 0.003425 19.445221 3935.000000
 225.000000 0.093182 -18.175878 -1.692473 0.003690 18.648317 4025.000000
 230.000000 0.054762 -7.999712 -1.417983 0.004258 17.839190 4106.000000
 235.000000 0.047728 -6.415172 -1.133095 0.004314 24.978534 4189.000000
 240.000000 0.037982 -11.363694 -1.025829 0.004253 27.750718 4263.000000
 245.000000 0.035225 -2.373826 -0.725324 0.005000 37.616947 4343.000000
 250.000000 0.004082 -0.206685 -0.573942 0.005539 46.405295 4419.000000
 255.000000 0.071354 -2.247976 -0.528013 0.005553 51.462643 4498.000000
 260.000000 0.057517 -3.217285 -0.480583 0.005544 58.113220 4574.000000
 265.000000 0.035912 -12.247040 -0.294115 0.006446 71.532670 4644.000000
 270.000000 0.072182 -0.620863 -0.191855 0.006969 88.111808 4710.000000
 275.000000 0.079162 -39.553309 -0.135133 0.007533 101.052904 4783.000000
 280.000000 0.039632 -50.000000 -0.145807 0.007392 101.052904 4874.000000
 285.000000 0.065663 -47.707200 -0.156292 0.007251 101.052904 4969.000000
 290.000000 0.056508 -41.611584 -0.166595 0.007117 101.052904 5062.000000
 295.000000 0.054453 -33.109809 -0.176721 0.006982 101.052904 5160.000000
 300.000000 -0.092662 -33.292149 -0.186677 0.006855 101.052904 5256.000000
 305.000000 0.054868 -45.135419 -0.196469 0.006729 101.052904 5354.000000
 310.000000 0.081668 -29.400506 -0.206102 0.006613 101.052904 5448.000000
 315.000000 -0.061276 -46.906938 -0.215580 0.006505 101.052904 5539.000000
 320.000000 0.018495 -38.064155 -0.224909 0.006397 101.052904 5632.000000
 325.000000 0.117226 -42.962070 -0.234094 0.006297 101.052904 5722.000000
 330.000000 -0.026338 -31.838669 -0.243138 0.006202 101.052904 5809.000000
 335.000000 0.008435 -36.487731 -0.252047 0.006116 101.052904 5891.000000
 340.000000 0.061692 -36.163168 -0.260823 0.006038 101.052904 5967.000000
 345.000000 0.031546 -32.275478 -0.269471 0.005954 101.052904 6051.000000
 350.000000 0.065735 -36.417976 -0.277995 0.005870 101.052904 6138.000000
 355.000000 0.014347 -40.424131 -0.286398 0.005782 101.052904 6231.000000
 360.000000 -0.031871 -31.788035 -0.294684 0.005712 101.052904 6307.000000
 365.000000 -0.077026 -30.504131 -0.302855 0.005646 101.052904 6381.000000
 370.000000 0.008087 -40.934489 -0.310915 0.005582 101.052904 6454.000000
 375.000000 0.009313 -40.016070 -0.318867 0.005518 101.052904 6529.000000
 380.000000 -0.012185 -47.411682 -0.326713 0.005460 101.052904 6599.000000
 385.000000 -0.032405 -34.632462 -0.334457 0.005402 101.052904 6670.000000
 390.000000 0.045257 -37.962289 -0.342102 0.005358 101.052904 6724.000000
 395.000000 0.003974 -30.945727 -0.349648 0.005298 101.052904 6800.000000
 400.000000 0.056388 -31.193985 -0.357100 0.005242 101.052904 6873.000000
 405.000000 0.052998 -29.034010 -0.364459 0.005185 101.052904 6948.000000
 410.000000 0.025586 -28.396923 -0.371728 0.005141 101.052904 7008.000000
 415.000000 0.085790 -24.759403 -0.378909 0.005078 101.052904 7095.000000
 420.000000 -0.009539 -30.728989 -0.386004 0.005029 101.052904 7164.000000
 425.000000 0.082164 -30.093750 -0.393015 0.004985 101.052904 7227.000000
 430.000000 0.090352 -31.192542 -0.399944 0.004936 101.052904 7299.000000
 435.000000 0.005579 -30.758752 -0.406793 0.004890 101.052904 7368.000000
 440.000000 -0.000129 -27.459342 -0.413563 0.004841 101.052904 7442.000000
 445.000000 0.077739 -28.124968 -0.420257 0.004804 101.052904 7499.000000
 450.000000 0.085274 -23.506653 -0.426876 0.004759 101.052904 7570.000000
 455.000000 0.001924 -31.777527 -0.433423 0.004718 101.052904 7636.000000
 460.000000 -0.068964 -28.547871 -0.439897 0.004677 101.052904 7704.000000
 465.000000 -0.004139 -29.144651 -0.446302 0.004643 101.052904 7759.000000
 470.000000 -0.041810 -28.863439 -0.452638 0.004597 101.052904 7837.000000
 475.000000 0.074441 -30.362338 -0.458907 0.004563 101.052904 7895.000000
 480.000000 0.016488 -30.571933 -0.465110 0.004525 101.052904 7962.000000
 485.000000 0.033101 -32.275384 -0.471250 0.004490 101.052904 8025.000000
 490.000000 -0.016896 -28.608970 -0.477326 0.004458 101.052904 8082.000000
 495.000000 0.089121 -23.273931 -0.483340 0.004425 101.052904 8142.000000
 500.000000 0.043483 -28.544173 -0.489294 0.004383 101.052904 8221.000000
